I did not store all the raw data for all 50 trials because this would make it take much longer than it already did, as raw data of generated numbers is multiple lines long, doing this for all populations and all 50 trials would be extremely time consuming. 
These also do not fit on a word document that can be printed as a draft regardless, here are some generated numbers which are unique to my investigation.
each line is a new day, and each number is a person picked.
  
day 0: 28																															
5																															
18	18																														
31	2	7																													
8	12	7	8	14	12																										
25	4	2	23	22	26	20	13	17																							
11	30	29	14	31	19	15	3	28	25	7	14	1	29	6	7	29															
13	27	14	3	10	17	6	21	22	18	2	5	12	9	2	2	3	6	27	31	3	23	30	29	29							
5	4	22	9	22	31	8	21	8	13	4	4	32	21	17	30	15	19	13	20	1	29	13	11	26	21	2	5	1			
1	20	18	11	19	23	10	24	26	9	7	12	12	4	26	5	19	15	12	18	4	23	24	27	11	28	10	28	28	27		
29	22	20	15	28	16	27	31	4	14	13	31	17	17	26	19	26	28	7	2	21	29	16	25	14	7	27	20	26	6	24	
31	29	3	14	32	7	18	16	16	3	31	23	9	18	8	12	5	15	30	1	7	31	19	4	12	3	13	23	16	23	2	16
17	13	5	2	7	26	28	27	6	18	12	8	8	30	5	28	31	30	21	15	25	26	7	12	28	7	3	3	27	20	3	26
27	21	24	12	26	32	23	8	23	26	12	29	6	25	30	24	1	6	14	24	26	17	8	5	31	1	14	6	20	6	8	9
25	25	26	24	5	28	23	5	18	23	24	2	5	29	27	8	5	27	12	23	26	28	4	15	29	3	14	7	24	8	6	22
7	1	17	30	7	13	10	25	19	30	22	28	17	16	12	2	30	1	2	26	14	25	4	32	24	7	32	4	21	11	3	8
19	19	8	21	2	3	2	4	3	11	4	5	6	21	26	10	22	28	26	4	19	30	10	21	30	30	21	2	17	19	2	26
27	2	1	32	9	31	14	23	32	11	25	10	27	31	23	23	19	11	10	31	25	14	11	32	24	5	15	25	16	16	4	30
11	19	4	7	6	11	1	22	15	19	20	26	27	27	19	9	7	26	16	32	17	16	20	15	22	1	18	28	5	31	20	14
31	30	5	25	25	6	1	12	6	23	5	2	30	23	24	17	14	9	19	16	5	12	22	17	7	20	6	29	10	25	5	24
13	21	12	3	27	17	8	15	29	14	12	21	3	27	1	30	6	30	26	6	20	15	4	9	8	9	10	20	23	12	20	4
11	8	9	16	25	14	2	19	19	2	32	2	8	1	11	26	7	2	23	2	17	7	1	16	1	11	6	3	26	2	32	29
13	21	6	1	21	21	5	29	3	6	7	26	17	10	7	11	1	7	27	28	16	18	21	23	3	14	16	25	24	5	15	24
17	27	3	9	14	13	27	24	9	1	13	3	24	20	16	10	15	9	31	11	28	27	16	3	18	10	29	11	23	20	23	9
27	7	5	25	6	29	32	23	18	15	31	6	25	2	3	24	3	1	26	27	24	16	3	11	20	23	23	25	14	20	22	28
16	4	32	31	28	27	1	16	20	29	7	18	18	14	10	25	5	5	6	12	23	27	27	9	6	9	13	5	2	1	28	32
4	7	10	24	8	11	20	10	11	25	21	2	28	19	25	31	10	31	5	27	16	28	11	6	9	22	11	4	24	18	20	10
10	2	28	4	2	29	8	30	25	15	32	31	28	18	14	22	1	27	25	31	20	30	22	21	24	12	16	12	10	11	9	18
1	7	29	1	17	26	13	19	4	7	15	8	2	26	17	13	22	14	16	13	19	20	22	21	23	2	30	30	13	31	5	2
16	30	24	28	19	30	5	22	7	6	10	31	9	25	14	25	25	30	14	13	24	8	15	6	25	23	27	3	29	32	21	29
31	22	2	24	28	30	10	18	3	30	9	27	28	25	22	31	5	32	25	18	16	11	13	12	8	5	18	14	18	19	29	12

  people who are actually infected
day 0: 28																															
5																															
18																															
31	2	7																													
8	12			14																											
25	4		23	22	26	20	13	17																							
11	30	29			19	15	3					1		6																	
	27			10			21						9																		
												32																			
							24																								
					16																										
																															
																															
																															
																															
																															
																															
																															
																															
																															
																															
																															
																															
																															
																															
																															
																															
																															
																															
																															
																															
																															

																															
